D:\python\yolov4-pytorch--class/VOCdevkit/VOC2007/JPEGImages/000001.jpg 852,456,988,559,0 1125,538,1257,657,0
D:\python\yolov4-pytorch--class/VOCdevkit/VOC2007/JPEGImages/000002.jpg 1115,537,1257,644,0
D:\python\yolov4-pytorch--class/VOCdevkit/VOC2007/JPEGImages/000005.jpg 1707,563,1818,670,0 1133,296,1202,371,0
D:\python\yolov4-pytorch--class/VOCdevkit/VOC2007/JPEGImages/000006.jpg 1707,571,1815,674,0 1125,535,1258,649,0
D:\python\yolov4-pytorch--class/VOCdevkit/VOC2007/JPEGImages/000007.jpg 1709,569,1815,671,0 1115,539,1261,651,0
D:\python\yolov4-pytorch--class/VOCdevkit/VOC2007/JPEGImages/000008.jpg 1702,563,1818,677,0 1115,541,1261,644,0
D:\python\yolov4-pytorch--class/VOCdevkit/VOC2007/JPEGImages/000009.jpg 1108,539,1258,645,0 1695,567,1815,678,0
D:\python\yolov4-pytorch--class/VOCdevkit/VOC2007/JPEGImages/000010.jpg 1125,538,1252,645,0 390,313,447,363,0
D:\python\yolov4-pytorch--class/VOCdevkit/VOC2007/JPEGImages/000012.jpg 386,313,440,362,0 1118,532,1259,646,0
D:\python\yolov4-pytorch--class/VOCdevkit/VOC2007/JPEGImages/000013.jpg 1113,535,1252,649,0 391,314,437,355,0
D:\python\yolov4-pytorch--class/VOCdevkit/VOC2007/JPEGImages/000016.jpg 1112,532,1251,649,0
D:\python\yolov4-pytorch--class/VOCdevkit/VOC2007/JPEGImages/000018.jpg 1108,534,1259,646,0
D:\python\yolov4-pytorch--class/VOCdevkit/VOC2007/JPEGImages/000019.jpg 1111,530,1261,652,0
D:\python\yolov4-pytorch--class/VOCdevkit/VOC2007/JPEGImages/000021.jpg 1118,535,1250,645,0
D:\python\yolov4-pytorch--class/VOCdevkit/VOC2007/JPEGImages/000022.jpg 882,209,913,251,0
D:\python\yolov4-pytorch--class/VOCdevkit/VOC2007/JPEGImages/000023.jpg 873,199,912,263,0 844,271,911,360,0 1298,273,1358,353,0
D:\python\yolov4-pytorch--class/VOCdevkit/VOC2007/JPEGImages/000024.jpg 1291,271,1359,374,0 872,195,918,255,0 797,459,888,557,0 1286,219,1329,284,0
D:/python\yolov4-pytorch--class/VOCdevkit/VOC2007/JPEGImages/000026.jpg 1288,271,1358,356,0 1284,217,1332,277,0 1109,214,1159,270,0 1158,238,1215,310,0
D:\python\yolov4-pytorch--class/VOCdevkit/VOC2007/JPEGImages/000027.jpg 784,460,895,569,0 1158,244,1216,319,0 1282,217,1334,287,0 1294,269,1359,366,0
D:\python\yolov4-pytorch--class/VOCdevkit/VOC2007/JPEGImages/000028.jpg 1282,217,1338,291,0 1293,274,1362,363,0 1165,244,1209,316,0 1384,363,1480,485,0 769,460,900,596,0 704,395,788,489,0 440,553,605,685,0
D:\python\yolov4-pytorch--class/VOCdevkit/VOC2007/JPEGImages/000030.jpg 955,606,1090,760,0 769,460,901,591,0 444,514,593,667,0 1126,312,1191,391,0 1284,271,1362,362,0 1372,287,1436,389,0 1488,266,1575,351,0 1461,327,1544,409,0 1397,363,1476,473,0 1569,328,1661,434,0 1684,314,1757,396,0 1700,366,1777,474,0 1284,217,1338,284,0 1344,232,1408,301,0 1162,248,1215,301,0 1105,223,1154,294,0 1016,196,1062,257,0 701,395,777,488,0
D:\python\yolov4-pytorch--class/VOCdevkit/VOC2007/JPEGImages/000031.jpg 1488,259,1545,345,0 1676,309,1747,389,0 1566,326,1661,430,0 1537,407,1650,549,0 1687,359,1780,491,0 1463,320,1537,403,0 1426,257,1497,324,0 1369,288,1441,371,0 1295,344,1390,445,0 1380,356,1476,485,0 1290,273,1365,359,0 1341,232,1404,314,0 1282,221,1338,284,0 1162,245,1212,306,0 1118,219,1154,280,0 1015,198,1062,251,0 441,524,584,678,0 938,587,1108,781,0
D:\python\yolov4-pytorch--class/VOCdevkit/VOC2007/JPEGImages/000032.jpg 427,516,576,666,0 937,595,1105,781,0 707,406,782,488,0 894,320,955,384,0 1293,273,1357,362,0 1336,234,1404,292,0 1372,288,1436,362,0 1436,253,1488,324,0 1486,259,1558,352,0 1312,344,1387,445,0 1377,362,1475,467,0 1533,406,1641,555,0 1677,362,1772,487,0 1673,314,1738,396,0
D:\python\yolov4-pytorch--class/VOCdevkit/VOC2007/JPEGImages/000033.jpg 954,595,1107,789,0 451,541,588,669,0 701,395,770,489,0 669,359,723,432,0 452,382,522,438,0 1166,244,1209,312,0 1200,238,1254,319,0 1287,214,1341,276,0 1347,227,1387,282,0 1295,276,1350,378,0 1368,285,1437,366,0 1430,251,1484,335,0 1494,274,1563,353,0 1112,216,1157,285,0 1023,195,1066,256,0 1529,410,1638,567,0 1691,364,1780,492,0 1390,359,1480,480,0
D:\python\yolov4-pytorch--class/VOCdevkit/VOC2007/JPEGImages/000034.jpg 663,351,743,435,0 627,294,682,356,0 454,380,505,435,0 458,548,600,677,0 919,591,1101,771,0 1387,370,1475,491,0 1294,353,1391,464,0 1533,414,1641,555,0 1687,353,1776,480,0 1501,271,1555,327,0 1468,314,1540,405,0 1370,291,1427,366,0 1432,257,1490,328,0 1305,276,1354,341,0 1295,214,1343,280,0 1233,216,1272,257,0 1162,246,1218,312,0 1111,226,1162,289,0
D:\python\yolov4-pytorch--class/VOCdevkit/VOC2007/JPEGImages/000037.jpg 950,606,1102,767,0 662,359,744,423,0 701,405,786,474,0 1536,414,1654,562,0 1383,363,1473,492,0 1370,294,1441,376,0 1425,257,1484,316,0 1286,270,1363,357,0 1286,220,1325,277,0 1348,232,1391,296,0 1232,212,1286,267,0 1119,220,1168,302,0
D:\python\yolov4-pytorch--class/VOCdevkit/VOC2007/JPEGImages/000038.jpg 934,589,1095,791,0 469,489,540,563,0 459,381,512,442,0 673,353,730,435,0 625,302,669,345,0 704,388,791,478,0 1162,242,1204,291,0 1422,257,1486,323,0 1500,269,1551,330,0 1369,285,1438,369,0 1344,237,1400,296,0 1286,220,1329,266,0 1391,356,1477,485,0 1575,312,1661,435,0 1547,421,1650,541,0
D:\python\yolov4-pytorch--class/VOCdevkit/VOC2007/JPEGImages/000039.jpg 1466,314,1544,420,0 1375,284,1447,378,0 1344,231,1390,306,0 1275,217,1330,288,0 1162,239,1227,328,0 1525,407,1644,553,0 1387,357,1469,470,0 825,274,912,385,0 622,302,673,353,0 665,353,738,427,0 929,592,1115,801,0 466,478,562,577,0 455,381,502,444,0 443,560,600,687,1
D:\python\yolov4-pytorch--class/VOCdevkit/VOC2007/JPEGImages/000044.jpg 452,530,593,681,1 944,567,1097,764,0 1369,288,1441,376,0 1337,228,1387,301,0 1173,201,1216,252,0 1232,206,1265,253,0 1284,221,1332,291,0 1133,188,1168,244,0 933,238,984,298,0 854,288,916,369,0 734,427,818,537,0
D:\python\yolov4-pytorch--class/VOCdevkit/VOC2007/JPEGImages/000045.jpg 444,538,602,676,1 737,416,818,521,0 468,759,626,916,0 952,585,1130,785,0 1330,223,1395,299,0 1277,214,1332,285,0 1220,212,1276,263,0 1172,189,1226,262,0 1126,185,1186,242,0 1070,205,1115,280,0 933,232,973,291,0 966,244,1019,301,0 832,288,918,355,0 941,341,1016,442,0
D:\python\yolov4-pytorch--class/VOCdevkit/VOC2007/JPEGImages/000046.jpg 943,342,1029,456,0 848,282,907,378,0 1458,306,1525,395,0 1498,277,1559,342,0 1334,235,1391,299,0 1287,213,1325,276,0 1177,195,1218,252,0 1130,180,1180,237,0 932,237,962,288,0 952,234,1002,292,0 948,580,1136,780,0 725,416,813,507,0
D:\python\yolov4-pytorch--class/VOCdevkit/VOC2007/JPEGImages/000048.jpg 473,312,516,352,0 737,417,820,545,0 775,457,902,589,0 466,487,552,549,0 479,734,633,931,0 948,564,1140,781,0 1177,437,1290,580,0 922,339,1029,451,0 840,273,905,378,0 808,269,866,344,0 1069,212,1107,270,0 1109,202,1143,281,0 1330,237,1391,298,0 1401,249,1450,320,0 1498,274,1566,339,0 1458,301,1547,421,0 1719,353,1780,460,0 1532,412,1644,538,0 1291,342,1370,442,0 1387,349,1479,487,0 940,234,973,291,0 968,238,1019,298,0
D:\python\yolov4-pytorch--class/VOCdevkit/VOC2007/JPEGImages/000049.jpg 1516,278,1562,341,0 1461,303,1537,434,0 1713,363,1775,466,0 1547,392,1636,541,0 1798,334,1868,438,0 1386,357,1455,487,0 1361,285,1440,373,0 1275,224,1330,287,0 1111,219,1161,282,0 1025,192,1069,255,0 1184,195,1213,231,0 840,267,901,378,0 804,260,863,355,0 777,257,832,362,0 938,341,1016,455,0 1186,424,1294,613,0 947,585,1129,782,0 459,745,616,898,0 455,382,523,451,0 462,330,530,394,0 470,499,559,553,0 468,541,593,653,0 779,467,901,576,0 738,423,834,521,0 644,338,751,442,0
D:\python\yolov4-pytorch--class/VOCdevkit/VOC2007/JPEGImages/000050.jpg 832,270,898,369,0 811,262,855,373,0 925,337,1008,462,0 1179,420,1287,617,0 944,592,1148,794,0 768,459,907,589,0 734,416,822,524,0 457,324,548,391,0 455,741,637,928,0 1387,357,1473,476,0 1361,285,1429,371,0 1402,255,1448,323,0 1461,303,1527,378,0 1330,226,1388,303,0 1807,338,1873,439,0 1107,213,1150,298,0 1184,196,1216,252,0 1279,207,1319,273,0 1019,198,1066,252,0 1137,182,1166,227,0 937,234,969,291,0 976,235,1011,305,0 1013,259,1063,323,0
D:\python\yolov4-pytorch--class/VOCdevkit/VOC2007/JPEGImages/000051.jpg 461,395,529,464,0 469,526,583,634,0 466,459,532,507,0 457,613,613,757,0 454,744,654,907,0 944,594,1130,789,0 779,459,905,589,0 740,428,834,530,0 651,337,750,417,0 837,277,905,371,0 925,344,1007,462,0 1190,428,1325,602,0 1393,364,1505,502,0 1543,416,1661,553,0 1277,337,1338,442,0 1373,288,1436,363,0 1512,269,1565,327,0 1475,305,1534,384,0 1415,259,1450,298,0 1220,255,1270,307,0 1020,259,1062,316,0 966,244,1013,294,0 936,234,973,284,0 1012,199,1063,252,0 1109,213,1154,280,0 1337,232,1382,292,0
D:\python\yolov4-pytorch--class/VOCdevkit/VOC2007/JPEGImages/000052.jpg 468,331,534,380,0 458,394,530,471,0 461,462,537,513,0 459,531,583,606,0 465,614,582,735,0 465,753,644,898,0 947,602,1132,789,0 768,464,898,587,0 752,427,820,530,0 651,342,747,420,0 838,277,894,351,0 930,348,1005,456,0 1183,427,1304,628,0 1379,359,1463,491,0 1541,414,1651,556,0 1272,337,1370,437,0 1104,212,1154,281,0 1015,262,1063,317,0 1505,269,1562,337,0 1469,307,1538,395,0 1368,287,1443,374,0 1273,271,1343,351,0
D:\python\yolov4-pytorch--class/VOCdevkit/VOC2007/JPEGImages/000053.jpg 934,592,1120,812,0 459,755,645,909,0 450,613,586,769,0 470,526,590,627,0 459,392,534,457,0 836,277,897,360,0 936,341,1011,453,0 1179,427,1301,609,0 1470,314,1550,391,0 1498,278,1565,317,0 1370,287,1443,373,0 1265,328,1377,452,0 1127,305,1209,378,0 966,241,1012,303,0 1023,264,1062,321,0 1409,257,1443,301,0
D:\python\yolov4-pytorch--class/VOCdevkit/VOC2007/JPEGImages/000054.jpg 462,756,647,913,0 465,619,598,755,0 466,516,562,624,0 470,463,530,521,0 463,396,527,457,0 743,424,819,521,0 772,460,880,598,0 844,495,979,678,0 933,591,1125,795,0 843,276,902,367,0 934,349,1023,449,0 1182,438,1309,617,0 1294,337,1370,448,0 1475,306,1548,403,0 1505,280,1570,337,0
D:\python\yolov4-pytorch--class/VOCdevkit/VOC2007/JPEGImages/000056.jpg 1511,277,1568,330,0 1468,307,1552,405,0 1130,306,1202,376,0 1019,264,1072,321,0 926,352,1015,437,0 843,276,898,377,0 1179,426,1313,577,0 947,595,1132,791,0 834,501,995,676,0 776,464,886,589,0 748,427,826,530,0 463,395,527,460,0 457,526,582,649,0 470,455,536,523,0 475,759,641,899,0
D:\python\yolov4-pytorch--class/VOCdevkit/VOC2007/JPEGImages/000057.jpg 457,394,536,463,0 479,502,548,557,0 443,538,586,645,0 472,745,651,902,0 951,599,1137,805,0 844,510,990,674,0 776,462,898,594,0 743,423,825,519,0 834,282,901,376,0 932,339,1002,446,0 1175,430,1316,584,0 1473,313,1540,410,0 1512,276,1572,344,0 1361,289,1409,387,0
D:\python\yolov4-pytorch--class/VOCdevkit/VOC2007/JPEGImages/000060.jpg 457,395,527,463,0 477,495,580,584,0 432,545,594,673,0 470,751,650,916,0 930,592,1130,789,0 836,506,994,680,0 769,462,882,602,0 748,423,829,528,0 838,278,904,369,0 932,346,1001,460,0 1182,421,1287,603,0 1276,466,1436,714,0 1470,299,1545,405,0 1509,277,1566,344,0 1016,257,1068,335,0 643,301,691,335,0 475,307,512,341,0 1409,256,1448,307,0
D:\python\yolov4-pytorch--class/VOCdevkit/VOC2007/JPEGImages/000061.jpg 1413,253,1450,320,0 1465,299,1544,396,0 1358,292,1422,371,0 1183,426,1312,624,0 932,346,997,460,0 841,278,893,367,0 844,503,991,670,0 772,455,890,602,0 941,599,1137,801,0 473,755,655,932,0 472,498,570,580,0 475,306,522,341,0
D:\python\yolov4-pytorch--class/VOCdevkit/VOC2007/JPEGImages/000062.jpg 472,751,668,920,0 472,495,563,573,0 734,426,809,521,0 773,460,887,591,0 843,505,988,687,0 947,594,1140,801,0 843,276,890,352,0 933,346,991,448,0 1182,426,1305,587,0 1300,464,1441,691,0 1479,298,1545,389,0 1513,278,1576,341,0 1732,369,1790,451,0 1408,263,1443,312,0 1362,294,1423,373,0 1022,264,1055,310,0
D:\python\yolov4-pytorch--class/VOCdevkit/VOC2007/JPEGImages/000063.jpg 743,421,801,480,0 770,459,887,587,0 833,496,994,681,0 936,599,1133,791,0 476,759,647,896,0 472,501,568,584,0 475,312,519,345,0 1022,262,1062,324,0 841,282,897,359,0 929,345,1001,435,0 1309,464,1445,671,0 1169,432,1309,602,0 1473,301,1545,403,0 1361,289,1429,373,0 1412,251,1448,326,0
D:\python\yolov4-pytorch--class/VOCdevkit/VOC2007/JPEGImages/000065.jpg 732,424,820,523,0 940,581,1118,792,0 932,237,976,295,0
D:\python\yolov4-pytorch--class/VOCdevkit/VOC2007/JPEGImages/000067.jpg 1497,270,1575,334,0 470,563,615,667,1
D:\python\yolov4-pytorch--class/VOCdevkit/VOC2007/JPEGImages/000068.jpg 968,230,1026,294,0 475,562,622,666,1
D:\python\yolov4-pytorch--class/VOCdevkit/VOC2007/JPEGImages/000070.jpg 473,560,625,660,1 986,239,1019,289,0
D:\python\yolov4-pytorch--class/VOCdevkit/VOC2007/JPEGImages/000071.jpg 465,555,627,673,1
D:\python\yolov4-pytorch--class/VOCdevkit/VOC2007/JPEGImages/000072.jpg 469,555,626,666,1 1020,256,1058,321,0
D:\python\yolov4-pytorch--class/VOCdevkit/VOC2007/JPEGImages/000073.jpg 441,527,623,652,0
D:\python\yolov4-pytorch--class/VOCdevkit/VOC2007/JPEGImages/000074.jpg 457,538,627,671,0
D:\python\yolov4-pytorch--class/VOCdevkit/VOC2007/JPEGImages/000075.jpg 1315,298,1384,362,0 1025,134,1063,178,0
D:\python\yolov4-pytorch--class/VOCdevkit/VOC2007/JPEGImages/000076.jpg 1022,130,1062,182,0
D:\python\yolov4-pytorch--class/VOCdevkit/VOC2007/JPEGImages/000077.jpg 1302,298,1394,366,0 1013,130,1063,181,0
D:\python\yolov4-pytorch--class/VOCdevkit/VOC2007/JPEGImages/000078.jpg 1304,294,1386,367,0 1020,128,1069,185,0
D:\python\yolov4-pytorch--class/VOCdevkit/VOC2007/JPEGImages/000082.jpg 559,248,616,326,0
D:\python\yolov4-pytorch--class/VOCdevkit/VOC2007/JPEGImages/000084.jpg 947,374,1083,496,0 551,257,622,321,0 1134,260,1197,346,0 1291,306,1397,369,0
D:\python\yolov4-pytorch--class/VOCdevkit/VOC2007/JPEGImages/000086.jpg 926,377,1083,526,0 1125,263,1205,349,0 551,260,620,317,0
D:\python\yolov4-pytorch--class/VOCdevkit/VOC2007/JPEGImages/000087.jpg 1129,263,1193,352,0 913,371,1091,514,0
D:\python\yolov4-pytorch--class/VOCdevkit/VOC2007/JPEGImages/000090.jpg 904,380,1087,512,0
D:\python\yolov4-pytorch--class/VOCdevkit/VOC2007/JPEGImages/000092.jpg 975,370,1082,505,0 552,259,613,314,0
D:\python\yolov4-pytorch--class/VOCdevkit/VOC2007/JPEGImages/000094.jpg 618,291,704,380,0
D:\python\yolov4-pytorch--class/VOCdevkit/VOC2007/JPEGImages/000095.jpg 620,292,701,385,0 566,238,618,288,0 195,432,294,532,0 222,212,272,263,0 652,196,705,245,0
D:\python\yolov4-pytorch--class/VOCdevkit/VOC2007/JPEGImages/000096.jpg 563,239,619,292,0 615,287,691,384,0 227,202,276,253,0 390,196,441,259,0 882,194,930,253,0
D:\python\yolov4-pytorch--class/VOCdevkit/VOC2007/JPEGImages/000098.jpg 619,291,707,380,0 209,202,276,267,0 390,198,437,253,0 752,189,815,246,0 882,189,927,249,0
D:\python\yolov4-pytorch--class/VOCdevkit/VOC2007/JPEGImages/000099.jpg 648,295,707,364,0 219,206,280,264,0 648,196,705,246,0 754,191,818,253,0
D:\python\yolov4-pytorch--class/VOCdevkit/VOC2007/JPEGImages/000101.jpg 759,195,818,255,0 879,198,925,253,0 623,292,705,387,0 223,206,277,260,0 179,437,309,546,0
D:\python\yolov4-pytorch--class/VOCdevkit/VOC2007/JPEGImages/000103.jpg 615,292,700,391,0 184,423,301,541,0 177,526,315,630,0 212,203,275,270,0
D:\python\yolov4-pytorch--class/VOCdevkit/VOC2007/JPEGImages/000105.jpg 169,510,298,638,0 190,427,283,526,0 176,759,373,931,0 675,628,808,809,0 655,320,737,431,0
D:\python\yolov4-pytorch--class/VOCdevkit/VOC2007/JPEGImages/000107.jpg 525,437,633,557,0 673,628,802,791,0 159,749,382,916,0 175,506,313,635,0 187,434,287,516,0 859,327,929,407,0 684,221,729,274,0 440,303,501,387,0
D:\python\yolov4-pytorch--class/VOCdevkit/VOC2007/JPEGImages/000108.jpg 675,624,787,810,0 190,749,363,934,0 175,510,313,635,0 188,427,288,534,0 543,438,627,569,0 686,221,722,284,0
D:\python\yolov4-pytorch--class/VOCdevkit/VOC2007/JPEGImages/000109.jpg 177,502,315,645,0 179,756,365,926,0 187,431,291,548,0
D:\python\yolov4-pytorch--class/VOCdevkit/VOC2007/JPEGImages/000110.jpg 163,506,305,637,0 179,424,297,548,0 162,742,375,927,0 683,628,798,813,0
D:\python\yolov4-pytorch--class/VOCdevkit/VOC2007/JPEGImages/000112.jpg 173,742,376,930,0 172,505,319,632,0 176,426,283,531,0
D:\python\yolov4-pytorch--class/VOCdevkit/VOC2007/JPEGImages/000114.jpg 427,299,494,381,0 182,431,284,538,0 162,507,313,630,0 166,741,352,935,0
D:\python\yolov4-pytorch--class/VOCdevkit/VOC2007/JPEGImages/000115.jpg 188,434,291,539,0 168,513,319,646,0 162,755,363,930,0 432,294,497,387,0
D:\python\yolov4-pytorch--class/VOCdevkit/VOC2007/JPEGImages/000116.jpg 168,495,312,641,0 172,759,369,920,0 997,570,1148,821,0
D:\python\yolov4-pytorch--class/VOCdevkit/VOC2007/JPEGImages/000118.jpg 1107,459,1212,582,0 654,321,733,455,0 584,513,732,669,0 682,635,808,799,0 170,755,395,934,0 172,501,311,638,0 184,435,304,560,0
D:\python\yolov4-pytorch--class/VOCdevkit/VOC2007/JPEGImages/000120.jpg 168,506,319,631,0 438,301,502,377,0
D:\python\yolov4-pytorch--class/VOCdevkit/VOC2007/JPEGImages/000122.jpg 162,492,323,624,0 441,301,491,377,0
D:\python\yolov4-pytorch--class/VOCdevkit/VOC2007/JPEGImages/000123.jpg 159,484,325,631,0 432,294,490,371,0
D:\python\yolov4-pytorch--class/VOCdevkit/VOC2007/JPEGImages/000124.jpg 166,489,316,631,0 440,301,497,369,0
D:\python\yolov4-pytorch--class/VOCdevkit/VOC2007/JPEGImages/000125.jpg 186,485,309,637,0 438,299,502,377,0
D:\python\yolov4-pytorch--class/VOCdevkit/VOC2007/JPEGImages/000126.jpg 177,488,309,634,0
D:\python\yolov4-pytorch--class/VOCdevkit/VOC2007/JPEGImages/000127.jpg 173,509,315,641,0 390,246,472,309,0 511,187,551,253,0
D:\python\yolov4-pytorch--class/VOCdevkit/VOC2007/JPEGImages/000129.jpg 654,382,747,473,0 1170,238,1251,330,0
D:\python\yolov4-pytorch--class/VOCdevkit/VOC2007/JPEGImages/000130.jpg 651,376,747,474,0 1173,242,1259,331,0 1600,382,1732,530,1
D:\python\yolov4-pytorch--class/VOCdevkit/VOC2007/JPEGImages/000131.jpg 655,381,757,477,0 1597,382,1732,512,1
D:\python\yolov4-pytorch--class/VOCdevkit/VOC2007/JPEGImages/000133.jpg 654,374,761,477,0 1591,382,1712,517,1
D:\python\yolov4-pytorch--class/VOCdevkit/VOC2007/JPEGImages/000134.jpg 655,387,762,491,0 1597,376,1713,512,1
D:\python\yolov4-pytorch--class/VOCdevkit/VOC2007/JPEGImages/000135.jpg 655,384,763,485,0 1601,385,1709,514,1
D:\python\yolov4-pytorch--class/VOCdevkit/VOC2007/JPEGImages/000136.jpg 645,378,759,482,0 1183,239,1244,332,0 1591,381,1719,519,1
D:\python\yolov4-pytorch--class/VOCdevkit/VOC2007/JPEGImages/000137.jpg 1601,374,1716,510,0 666,381,751,469,0
D:\python\yolov4-pytorch--class/VOCdevkit/VOC2007/JPEGImages/000139.jpg 1583,362,1723,507,0 1586,280,1670,377,0 1300,310,1416,412,0 1018,349,1162,535,0 1129,273,1195,384,0 530,410,651,538,0 445,520,550,630,0
D:\python\yolov4-pytorch--class/VOCdevkit/VOC2007/JPEGImages/000140.jpg 1030,353,1152,502,0 1584,345,1730,498,0 1570,280,1679,376,0 1284,310,1420,414,0 1126,277,1211,385,0 1176,246,1261,321,0 886,426,1033,569,0 436,517,559,644,0 540,409,666,532,0
D:\python\yolov4-pytorch--class/VOCdevkit/VOC2007/JPEGImages/000141.jpg 870,427,1029,551,0 1013,349,1165,510,0 1132,282,1195,362,0 1172,245,1238,312,0 1298,312,1407,395,0 1579,351,1704,506,0 1580,280,1663,356,0 537,406,658,526,0 434,520,561,635,0
D:\python\yolov4-pytorch--class/VOCdevkit/VOC2007/JPEGImages/000142.jpg 1133,278,1213,363,0 1187,246,1247,314,0 1009,351,1148,498,0 1294,310,1416,407,0 1586,337,1715,505,0 865,424,1027,564,0 541,416,659,539,0 444,512,563,638,0 1030,245,1093,323,0
D:\python\yolov4-pytorch--class/VOCdevkit/VOC2007/JPEGImages/000145.jpg 1587,352,1720,501,0 1316,309,1420,410,0 1220,446,1334,566,0 882,432,1029,562,0 1022,353,1147,516,0 1011,241,1101,328,0 1179,248,1238,334,0 584,398,708,528,0 438,516,555,626,0 530,334,598,396,0 1584,199,1627,257,0
D:\python\yolov4-pytorch--class/VOCdevkit/VOC2007/JPEGImages/000146.jpg 1582,202,1626,266,0 1590,341,1711,512,0 1318,312,1420,414,0 1222,430,1336,562,0 1136,546,1307,709,0 879,423,1032,546,0 1005,355,1150,496,0 1184,244,1244,331,0 1022,238,1107,321,0 1084,234,1136,295,0 1019,209,1061,266,0 594,406,718,531,0 437,512,548,641,0 534,332,595,399,0 591,276,675,344,0 1390,234,1458,294,0
D:\python\yolov4-pytorch--class/VOCdevkit/VOC2007/JPEGImages/000147.jpg 1598,337,1705,503,0 1319,303,1404,398,0 1216,428,1340,555,0 1125,538,1308,695,0 1548,546,1740,730,0 1558,684,1784,930,0 873,428,1027,587,0 758,551,932,696,0 593,409,722,532,0 1008,203,1059,281,0 1013,245,1112,339,0 532,342,601,394,0 1186,248,1248,324,0 1130,277,1212,371,0 437,519,557,635,0
D:\python\yolov4-pytorch--class/VOCdevkit/VOC2007/JPEGImages/000148.jpg 601,269,666,344,0 529,342,597,391,0 600,414,712,544,0 436,519,550,645,0 765,555,919,685,0 887,426,1015,552,0 1019,344,1144,509,0 1026,241,1093,327,0 1005,198,1055,285,0 1182,239,1243,327,0 1130,281,1198,360,0 1304,314,1413,421,0 1358,278,1440,371,0 1225,426,1355,562,0 1113,534,1316,705,0 1536,544,1755,720,0 1566,666,1790,942,0
D:\python\yolov4-pytorch--class/VOCdevkit/VOC2007/JPEGImages/000149.jpg 1563,684,1772,932,0 1123,538,1318,698,0 1227,427,1337,548,0 1280,371,1370,463,0 1598,352,1718,507,0 1312,306,1415,417,0 1140,280,1198,359,0 1068,317,1148,403,0 1020,364,1152,502,0 883,423,1038,562,0 765,560,923,684,0 1022,244,1094,324,0 998,201,1038,276,0 869,220,915,273,0 587,278,662,346,0 608,410,708,527,0 672,391,744,463,0 455,517,557,635,0 529,337,588,398,0
D:\python\yolov4-pytorch--class/VOCdevkit/VOC2007/JPEGImages/000151.jpg 1557,680,1779,932,0 1602,339,1715,501,0 1584,198,1626,252,0 1322,305,1409,409,0 1363,291,1437,380,0 1275,374,1370,446,0 1229,426,1343,549,0 1002,364,1143,526,0 883,414,1019,567,0 784,569,919,663,0 701,409,820,534,0 590,412,700,538,0 669,396,727,464,0 1013,242,1098,330,0 1002,206,1054,273,0 591,276,679,348,0 523,337,593,392,0 450,519,555,627,0 388,438,483,539,0
D:\python\yolov4-pytorch--class/VOCdevkit/VOC2007/JPEGImages/000153.jpg 1586,287,1688,382,0 1575,370,1730,513,0 1298,307,1419,410,0 1013,356,1148,505,0 1173,241,1234,320,0 543,427,665,530,0 455,512,551,616,0 530,335,600,396,0 761,263,823,345,0 1082,232,1132,303,0
D:\python\yolov4-pytorch--class/VOCdevkit/VOC2007/JPEGImages/000155.jpg 1202,413,1337,573,0 1566,273,1659,378,0 426,519,540,634,0
D:\python\yolov4-pytorch--class/VOCdevkit/VOC2007/JPEGImages/000156.jpg 1195,420,1333,569,0 436,523,536,635,0 694,606,868,860,0 608,413,686,516,0 704,362,755,459,0 612,281,670,345,0 1016,241,1098,324,0 1086,224,1134,305,0 1550,271,1661,389,0 365,410,437,469,0
D:\python\yolov4-pytorch--class/VOCdevkit/VOC2007/JPEGImages/000157.jpg 309,570,418,716,0 618,284,663,349,0 998,370,1118,487,0 700,606,866,862,0 1195,416,1348,569,0 1579,270,1688,384,0 1575,198,1638,253,0 1402,192,1472,248,0 1082,238,1137,302,0 1013,238,1090,313,0 1351,282,1415,359,0
D:\python\yolov4-pytorch--class/VOCdevkit/VOC2007/JPEGImages/000159.jpg 995,371,1113,506,0 1194,420,1344,563,0 1605,295,1701,376,0 680,601,855,859,0 304,577,445,728,0 427,524,544,648,0 594,421,684,523,0 704,370,768,453,0 679,310,745,385,0
D:\python\yolov4-pytorch--class/VOCdevkit/VOC2007/JPEGImages/000160.jpg 707,612,837,781,0 1202,412,1338,569,0 1563,273,1665,378,0 1558,546,1747,744,0 1344,270,1404,335,0 1002,199,1047,241,0 590,414,687,530,0 711,407,825,535,0 319,571,438,730,0
D:\python\yolov4-pytorch--class/VOCdevkit/VOC2007/JPEGImages/000162.jpg 784,527,915,671,0 1576,542,1732,705,0 1190,413,1348,576,0 1615,298,1705,378,0 1080,231,1138,303,0 1020,245,1097,330,0 858,213,923,276,0 737,230,783,282,0 605,335,668,416,0 618,281,668,337,0 601,417,697,530,0 702,363,772,439,0 427,519,536,631,0 301,581,436,728,0 279,513,383,621,0 188,555,290,702,0
D:\python\yolov4-pytorch--class/VOCdevkit/VOC2007/JPEGImages/000163.jpg 1558,278,1654,378,0 1188,413,1332,570,0 1407,191,1480,255,0 725,410,841,552,0 694,605,865,832,0 305,578,388,671,0 183,564,280,696,0 615,280,666,342,0 1352,273,1400,337,0
D:\python\yolov4-pytorch--class/VOCdevkit/VOC2007/JPEGImages/000165.jpg 434,517,543,630,0 313,578,432,731,0 676,599,858,846,0 1195,406,1334,569,0 991,376,1118,516,0 1562,271,1658,384,0
D:\python\yolov4-pytorch--class/VOCdevkit/VOC2007/JPEGImages/000166.jpg 150,582,254,702,0 1082,392,1194,510,0 369,478,454,562,0
D:\python\yolov4-pytorch--class/VOCdevkit/VOC2007/JPEGImages/000167.jpg 370,476,463,555,0 143,587,259,705,0 1094,394,1195,503,0
D:\python\yolov4-pytorch--class/VOCdevkit/VOC2007/JPEGImages/000169.jpg 738,635,929,881,0 1080,395,1193,492,0 161,582,257,691,0 373,469,466,566,0
D:\python\yolov4-pytorch--class/VOCdevkit/VOC2007/JPEGImages/000170.jpg 1069,380,1195,505,0 723,639,937,932,0 150,587,265,689,0 373,476,463,557,0
D:\python\yolov4-pytorch--class/VOCdevkit/VOC2007/JPEGImages/000171.jpg 1062,387,1205,520,0 705,634,932,905,0 159,587,277,696,0 376,477,459,559,0
D:\python\yolov4-pytorch--class/VOCdevkit/VOC2007/JPEGImages/000172.jpg 159,577,270,705,0 707,634,938,932,0 1083,391,1187,494,0
D:\python\yolov4-pytorch--class/VOCdevkit/VOC2007/JPEGImages/000173.jpg 1086,389,1197,498,0 1216,520,1416,705,0 166,582,252,688,0
D:\python\yolov4-pytorch--class/VOCdevkit/VOC2007/JPEGImages/000174.jpg 1212,527,1436,720,0 1073,392,1202,501,0 154,577,248,696,0
D:\python\yolov4-pytorch--class/VOCdevkit/VOC2007/JPEGImages/000175.jpg 1076,392,1208,501,0 1225,546,1444,714,0 154,578,248,685,0
D:\python\yolov4-pytorch--class/VOCdevkit/VOC2007/JPEGImages/000176.jpg 1169,320,1230,406,0 1105,303,1173,391,0 1150,256,1204,317,0 983,584,1201,834,0
D:\python\yolov4-pytorch--class/VOCdevkit/VOC2007/JPEGImages/000178.jpg 519,453,716,659,0 994,592,1205,827,0 1105,307,1176,382,0 1177,334,1252,419,0
D:\python\yolov4-pytorch--class/VOCdevkit/VOC2007/JPEGImages/000180.jpg 1170,327,1229,407,0 1104,309,1177,388,0 520,451,690,674,0 988,589,1211,826,0 1075,224,1143,269,0
D:\python\yolov4-pytorch--class/VOCdevkit/VOC2007/JPEGImages/000181.jpg 1173,324,1233,420,0 1104,309,1170,382,0 515,460,697,651,0 979,589,1209,824,0
D:\python\yolov4-pytorch--class/VOCdevkit/VOC2007/JPEGImages/000182.jpg 1179,331,1247,423,0 755,205,852,294,0
D:\python\yolov4-pytorch--class/VOCdevkit/VOC2007/JPEGImages/000184.jpg 1175,330,1245,424,0
D:\python\yolov4-pytorch--class/VOCdevkit/VOC2007/JPEGImages/000188.jpg 1173,337,1245,442,0
D:\python\yolov4-pytorch--class/VOCdevkit/VOC2007/JPEGImages/000189.jpg 1180,335,1243,430,0
D:\python\yolov4-pytorch--class/VOCdevkit/VOC2007/JPEGImages/000191.jpg 1175,335,1238,427,0
D:\python\yolov4-pytorch--class/VOCdevkit/VOC2007/JPEGImages/000192.jpg 1168,332,1244,426,0
D:\python\yolov4-pytorch--class/VOCdevkit/VOC2007/JPEGImages/000194.jpg 972,538,1132,755,0 540,445,691,651,0 943,264,1008,356,0 1145,260,1186,312,0 1170,323,1244,414,0
D:\python\yolov4-pytorch--class/VOCdevkit/VOC2007/JPEGImages/000195.jpg 544,449,680,641,0 1163,321,1226,410,0 934,269,1008,353,0
D:\python\yolov4-pytorch--class/VOCdevkit/VOC2007/JPEGImages/000196.jpg 548,455,687,638,0 94,506,248,652,0 973,534,1145,807,0 1159,321,1230,421,0 929,267,1016,348,0 1559,582,1651,731,0
D:\python\yolov4-pytorch--class/VOCdevkit/VOC2007/JPEGImages/000197.jpg 536,460,683,653,0 973,535,1125,799,0 1159,330,1232,413,0 1140,259,1191,314,0 1548,573,1652,728,0
D:\python\yolov4-pytorch--class/VOCdevkit/VOC2007/JPEGImages/000198.jpg 933,266,1016,352,0 977,531,1133,773,0 559,470,693,628,0 116,477,245,641,0 1145,257,1190,307,0
D:\python\yolov4-pytorch--class/VOCdevkit/VOC2007/JPEGImages/000199.jpg 538,446,676,645,0 973,530,1127,788,0 1163,320,1229,414,0 938,276,1015,349,0
D:\python\yolov4-pytorch--class/VOCdevkit/VOC2007/JPEGImages/000200.jpg 1168,327,1232,417,0 970,531,1122,791,0 532,453,691,638,0 947,266,1012,345,0
D:\python\yolov4-pytorch--class/VOCdevkit/VOC2007/JPEGImages/000201.jpg 930,266,1009,355,0 1105,370,1198,470,0 980,534,1130,807,0 548,453,679,637,0
D:\python\yolov4-pytorch--class/VOCdevkit/VOC2007/JPEGImages/000202.jpg 544,446,677,639,0 983,534,1137,778,0 1168,324,1229,442,0 937,263,1002,348,0
D:\python\yolov4-pytorch--class/VOCdevkit/VOC2007/JPEGImages/000204.jpg 525,487,684,638,0 91,476,258,630,0 933,274,1009,359,0 1143,262,1201,310,0 200,160,291,251,0 976,516,1127,776,0
D:\python\yolov4-pytorch--class/VOCdevkit/VOC2007/JPEGImages/000205.jpg 544,462,688,645,0 979,535,1129,777,0 1133,253,1188,313,0 938,266,1002,364,0 197,162,282,239,0
D:\python\yolov4-pytorch--class/VOCdevkit/VOC2007/JPEGImages/000206.jpg 233,384,332,534,0
D:\python\yolov4-pytorch--class/VOCdevkit/VOC2007/JPEGImages/000207.jpg 1382,671,1505,819,0 226,382,337,534,0
D:\python\yolov4-pytorch--class/VOCdevkit/VOC2007/JPEGImages/000208.jpg 225,380,333,532,0 1398,671,1502,837,0 1172,402,1220,448,0
D:\python\yolov4-pytorch--class/VOCdevkit/VOC2007/JPEGImages/000209.jpg 1379,676,1509,823,0 226,381,329,539,0 1170,399,1220,448,0
D:\python\yolov4-pytorch--class/VOCdevkit/VOC2007/JPEGImages/000210.jpg 1393,673,1500,827,0 216,384,334,531,0 1165,399,1218,452,0
D:\python\yolov4-pytorch--class/VOCdevkit/VOC2007/JPEGImages/000212.jpg 1372,687,1507,824,0 1162,387,1219,448,0 232,382,336,528,0 830,389,905,491,0
D:\python\yolov4-pytorch--class/VOCdevkit/VOC2007/JPEGImages/000214.jpg 527,448,718,601,0 815,392,890,485,0 1175,398,1220,435,0
D:\python\yolov4-pytorch--class/VOCdevkit/VOC2007/JPEGImages/000215.jpg 779,253,838,294,0
D:\python\yolov4-pytorch--class/VOCdevkit/VOC2007/JPEGImages/000216.jpg 850,417,936,510,0 1016,406,1066,481,0
D:\python\yolov4-pytorch--class/VOCdevkit/VOC2007/JPEGImages/000217.jpg 841,420,941,516,0 1098,338,1155,389,0
D:\python\yolov4-pytorch--class/VOCdevkit/VOC2007/JPEGImages/000220.jpg 191,437,332,602,1 1007,403,1077,489,0
D:\python\yolov4-pytorch--class/VOCdevkit/VOC2007/JPEGImages/000222.jpg 175,430,337,607,1
D:\python\yolov4-pytorch--class/VOCdevkit/VOC2007/JPEGImages/000223.jpg 197,441,345,612,1 777,255,847,309,0
D:\python\yolov4-pytorch--class/VOCdevkit/VOC2007/JPEGImages/000224.jpg 490,177,534,238,0 193,444,341,605,1
D:\python\yolov4-pytorch--class/VOCdevkit/VOC2007/JPEGImages/000225.jpg 183,438,334,606,1 498,174,534,232,0
D:\python\yolov4-pytorch--class/VOCdevkit/VOC2007/JPEGImages/000226.jpg 482,178,536,241,0 197,424,348,616,1
D:\python\yolov4-pytorch--class/VOCdevkit/VOC2007/JPEGImages/000228.jpg 490,177,537,245,0 202,442,343,606,1
D:\python\yolov4-pytorch--class/VOCdevkit/VOC2007/JPEGImages/000230.jpg 197,438,340,602,1 461,219,516,287,0 480,177,530,234,0 1157,349,1184,398,0
D:\python\yolov4-pytorch--class/VOCdevkit/VOC2007/JPEGImages/000231.jpg 198,445,340,605,1 1143,345,1188,398,0 611,302,654,344,0 447,220,507,287,0 491,181,533,231,0
D:\python\yolov4-pytorch--class/VOCdevkit/VOC2007/JPEGImages/000233.jpg 193,434,350,592,1 491,174,551,232,0 786,249,844,301,0 1002,398,1070,492,0
D:\python\yolov4-pytorch--class/VOCdevkit/VOC2007/JPEGImages/000234.jpg 193,439,350,605,1 484,180,533,227,0
D:\python\yolov4-pytorch--class/VOCdevkit/VOC2007/JPEGImages/000235.jpg 205,439,343,595,1 487,178,530,234,0
D:\python\yolov4-pytorch--class/VOCdevkit/VOC2007/JPEGImages/000236.jpg 205,441,352,601,1 500,182,537,242,0
D:\python\yolov4-pytorch--class/VOCdevkit/VOC2007/JPEGImages/000237.jpg 201,442,338,591,1 494,176,537,230,0 1182,363,1219,413,0
D:\python\yolov4-pytorch--class/VOCdevkit/VOC2007/JPEGImages/000238.jpg 188,437,338,606,1 495,181,530,238,0 402,271,470,370,0
D:\python\yolov4-pytorch--class/VOCdevkit/VOC2007/JPEGImages/000239.jpg 188,446,340,601,1 404,271,469,363,0 497,182,530,244,0 1394,559,1465,621,0
D:\python\yolov4-pytorch--class/VOCdevkit/VOC2007/JPEGImages/000240.jpg 177,467,348,605,1 782,251,848,303,0 1102,349,1147,384,0
D:\python\yolov4-pytorch--class/VOCdevkit/VOC2007/JPEGImages/000241.jpg 1044,287,1109,369,0 819,194,859,231,0 1473,402,1555,496,0 1355,235,1404,289,0 1484,324,1562,401,0 1476,278,1538,334,0 1205,220,1241,262,0 1175,235,1223,294,0
D:\python\yolov4-pytorch--class/VOCdevkit/VOC2007/JPEGImages/000243.jpg 1362,246,1404,296,0 1488,277,1534,337,0 794,295,872,399,0 1175,231,1216,305,0 1208,212,1236,266,0
D:\python\yolov4-pytorch--class/VOCdevkit/VOC2007/JPEGImages/000244.jpg 1479,280,1541,335,0 1201,217,1234,266,0 1183,241,1218,295,0 1491,248,1532,288,0 825,187,873,230,0
D:\python\yolov4-pytorch--class/VOCdevkit/VOC2007/JPEGImages/000246.jpg 808,189,863,226,0 1173,238,1227,305,0 1040,282,1111,370,0 1469,410,1562,456,0 1482,278,1538,341,0
D:\python\yolov4-pytorch--class/VOCdevkit/VOC2007/JPEGImages/000247.jpg 1177,241,1215,296,0 1205,216,1245,270,0 829,189,879,228,0 1493,246,1540,282,0
D:\python\yolov4-pytorch--class/VOCdevkit/VOC2007/JPEGImages/000248.jpg 1468,401,1555,496,0 830,189,883,241,0 1202,223,1240,276,0 1173,238,1223,303,0
D:\python\yolov4-pytorch--class/VOCdevkit/VOC2007/JPEGImages/000249.jpg 1354,239,1401,292,0 1482,280,1536,334,0 1177,251,1229,307,0 1201,224,1244,270,0 833,187,879,241,0
D:\python\yolov4-pytorch--class/VOCdevkit/VOC2007/JPEGImages/000250.jpg 1363,237,1402,296,0 1507,249,1537,284,0 1476,281,1538,344,0 1177,248,1220,302,0
D:\python\yolov4-pytorch--class/VOCdevkit/VOC2007/JPEGImages/000252.jpg 834,191,882,237,0 1516,249,1537,288,0 1477,277,1547,339,0 1352,237,1402,295,0 1180,238,1226,302,0
D:\python\yolov4-pytorch--class/VOCdevkit/VOC2007/JPEGImages/000254.jpg 1041,292,1111,367,0 1466,406,1554,481,0 819,187,866,230,0 466,285,525,376,0 355,320,427,388,0
D:\python\yolov4-pytorch--class/VOCdevkit/VOC2007/JPEGImages/000255.jpg 822,187,869,235,0 1359,239,1401,287,0 1047,291,1113,364,0 463,295,518,366,0 358,317,426,389,0 1472,406,1554,473,0 1175,239,1219,309,0 1209,217,1241,273,0
D:\python\yolov4-pytorch--class/VOCdevkit/VOC2007/JPEGImages/000256.jpg 816,185,861,239,0 1180,232,1222,294,0 1200,216,1244,269,0 1355,235,1402,299,0 1501,238,1543,282,0 1473,278,1545,339,0 1465,409,1558,482,0
D:\python\yolov4-pytorch--class/VOCdevkit/VOC2007/JPEGImages/000257.jpg 1469,402,1552,474,0 1019,227,1058,269,0 537,398,618,478,0
D:\python\yolov4-pytorch--class/VOCdevkit/VOC2007/JPEGImages/000259.jpg 1022,213,1069,280,0
D:\python\yolov4-pytorch--class/VOCdevkit/VOC2007/JPEGImages/000260.jpg 1022,221,1066,285,0 1134,239,1180,312,0 1313,260,1376,316,0 525,405,622,489,0
D:\python\yolov4-pytorch--class/VOCdevkit/VOC2007/JPEGImages/000261.jpg 1022,224,1059,278,0 1311,263,1375,314,0
D:\python\yolov4-pytorch--class/VOCdevkit/VOC2007/JPEGImages/000262.jpg 822,364,922,481,0 513,396,629,505,0
D:\python\yolov4-pytorch--class/VOCdevkit/VOC2007/JPEGImages/000263.jpg 1019,227,1059,281,0 1412,505,1537,612,0
D:\python\yolov4-pytorch--class/VOCdevkit/VOC2007/JPEGImages/000265.jpg 1026,226,1065,280,0
D:\python\yolov4-pytorch--class/VOCdevkit/VOC2007/JPEGImages/000266.jpg 516,395,620,498,0 808,370,944,521,0
D:\python\yolov4-pytorch--class/VOCdevkit/VOC2007/JPEGImages/000267.jpg 807,363,932,474,0 501,401,626,498,0
D:\python\yolov4-pytorch--class/VOCdevkit/VOC2007/JPEGImages/000268.jpg 515,395,629,501,0 1459,409,1547,484,0
D:\python\yolov4-pytorch--class/VOCdevkit/VOC2007/JPEGImages/000269.jpg 573,328,658,455,0 423,495,577,649,0 1577,255,1657,369,0 632,292,704,387,0
D:\python\yolov4-pytorch--class/VOCdevkit/VOC2007/JPEGImages/000270.jpg 582,326,652,469,0 109,470,207,602,1
D:\python\yolov4-pytorch--class/VOCdevkit/VOC2007/JPEGImages/000271.jpg 108,467,213,599,1 582,326,655,456,0 1572,259,1654,359,0 1651,545,1844,712,0
D:\python\yolov4-pytorch--class/VOCdevkit/VOC2007/JPEGImages/000274.jpg 108,471,213,617,1 758,532,970,710,0 441,509,587,663,0 580,327,663,470,0
D:\python\yolov4-pytorch--class/VOCdevkit/VOC2007/JPEGImages/000275.jpg 116,476,219,612,1 576,332,665,471,0 444,513,587,676,0 765,528,982,719,0 1119,234,1201,331,0
D:\python\yolov4-pytorch--class/VOCdevkit/VOC2007/JPEGImages/000276.jpg 120,471,218,612,1 590,326,662,469,0 444,482,604,655,0 732,528,982,710,0
D:\python\yolov4-pytorch--class/VOCdevkit/VOC2007/JPEGImages/000279.jpg 113,464,216,614,1 763,339,869,431,0 1659,437,1808,584,0 1137,187,1220,257,0
D:\python\yolov4-pytorch--class/VOCdevkit/VOC2007/JPEGImages/000280.jpg 829,301,894,371,0 865,257,936,342,0
D:\python\yolov4-pytorch--class/VOCdevkit/VOC2007/JPEGImages/000281.jpg 822,296,900,378,0 868,260,936,335,0
D:\python\yolov4-pytorch--class/VOCdevkit/VOC2007/JPEGImages/000282.jpg 829,305,908,380,0 863,262,936,337,0
D:\python\yolov4-pytorch--class/VOCdevkit/VOC2007/JPEGImages/000284.jpg 829,296,888,371,0 859,251,927,331,0 1126,288,1200,337,0
D:\python\yolov4-pytorch--class/VOCdevkit/VOC2007/JPEGImages/000286.jpg 1136,270,1216,359,0 827,301,897,380,0 859,263,930,332,0
D:\python\yolov4-pytorch--class/VOCdevkit/VOC2007/JPEGImages/000289.jpg 909,417,995,510,0 1202,346,1305,471,0 788,309,851,403,0 1188,207,1230,276,0
D:\python\yolov4-pytorch--class/VOCdevkit/VOC2007/JPEGImages/000293.jpg 1211,341,1307,482,0 479,399,548,470,0 1082,205,1118,267,0 1120,194,1161,263,0 1470,182,1518,241,0 1438,210,1487,256,0 1401,332,1532,496,0
D:\python\yolov4-pytorch--class/VOCdevkit/VOC2007/JPEGImages/000297.jpg 1112,199,1162,251,0 1058,214,1111,270,0 844,291,929,378,0 1758,191,1801,252,0 1348,462,1480,584,0
D:\python\yolov4-pytorch--class/VOCdevkit/VOC2007/JPEGImages/000298.jpg 1340,463,1479,594,0 922,416,1019,501,0 850,295,922,385,0 1109,202,1155,263,0 1062,214,1113,266,0 1287,206,1341,274,0 1475,181,1522,237,0 1437,205,1493,257,0 1762,192,1808,246,0
D:\python\yolov4-pytorch--class/VOCdevkit/VOC2007/JPEGImages/000299.jpg 1220,351,1291,484,0 1187,201,1227,256,0 926,405,1016,507,0
D:\python\yolov4-pytorch--class/VOCdevkit/VOC2007/JPEGImages/000300.jpg 1109,199,1166,256,0 851,298,927,377,0 1744,285,1809,359,0 1759,198,1813,245,0 1323,464,1487,605,0 1445,206,1488,257,0
